0.2555368838531695   0.514753601129603     0.8183701064400615   2334.9125038591856  
-0.1404354962393528  0.8572589346531975    -0.495363493157572   -611.6776875285295  
-0.95654522756983    0.011655431410745154  0.29135095423219604  818.6884506601509   
0.0                  0.0                   0.0                  1.0                 
0.0014230236020798537  0.0607940713125919    -0.9981493154318481     36.281999531357876  
-0.002749258134311483  -0.9981463159804025   -0.060797808138626674   -7.307764626663605  
-0.9999952082802891    0.002830686840644442  -0.0012532471708953385  -83.05267296665275  
0.0                    0.0                   0.0                     1.0                 

0.2553916620053876    0.5146973258050376    0.8184508304029441    2335.7848160769286  
-0.14083727729979217  0.857298839536208     -0.49518033185159105  -611.5666087839949  
-0.956524939717155    0.011196541386252645  0.29143554546430783   818.9800818988379   
0.0                   0.0                   0.0                   1.0                 
0.0014031955607032853   0.06103981983826176    -0.9981343453845937     36.208800566883305  
-0.0013881685391875231  -0.9981342474185713    -0.061041765360037      -7.341867531624183  
-0.9999980520132656     0.0014712322303164493  -0.0013158439874259575  -83.09655964560929  
0.0                     0.0                    0.0                     1.0      